array([[-0.61178141, -0.61542483, -0.60696688, -0.60990406],
       [-0.61478393, -0.61817546, -0.59889661, -0.61398739],
       [-0.61481702, -0.61787414, -0.59272318, -0.61436131],
       [-0.61243308, -0.61560388, -0.59109295, -0.61646215],
       [-0.60570374, -0.60972696, -0.58779669, -0.61301725],
       [-0.59921755, -0.60394871, -0.58179728, -0.60761809],
       [-0.59304934, -0.59849879, -0.57723713, -0.60332193],
       [-0.58789392, -0.5944223 , -0.58450237, -0.59765239],
       [-0.58220979, -0.59326184, -0.58790079, -0.59230939],
       [-0.57780611, -0.59396308, -0.59236136, -0.58338195],
       [-0.5750943 , -0.58428084, -0.59265954, -0.5742476 ],
       [-0.56242998, -0.57259257, -0.59474302, -0.55397435],
       [-0.54572282, -0.5516259 , -0.58787273, -0.53953736],
       [-0.5407141 , -0.54698406, -0.58530061, -0.53304576],
       [-0.54155264, -0.54634332, -0.5857622 , -0.53545869],
       [-0.54357926, -0.55021887, -0.58965272, -0.54081675],
       [-0.54450463, -0.5547732 , -0.59420547, -0.54137167],
       [-0.53585313, -0.553279  , -0.59740655, -0.53522916],
       [-0.52845105, -0.54690832, -0.59894638, -0.52557905],
       [-0.52471207, -0.54200008, -0.60076755, -0.51695889],
       [-0.52204682, -0.53839809, -0.6022269 , -0.50840184],
       [-0.51579906, -0.53524587, -0.60099482, -0.49928911],
       [-0.51749946, -0.53438966, -0.60053639, -0.49862847],
       [-0.50803452, -0.52912943, -0.59171046, -0.49188432],
       [-0.50484916, -0.52625588, -0.58424522, -0.48840421],
       [-0.50319701, -0.52401146, -0.5794508 , -0.48740406],
       [-0.50935602, -0.53427893, -0.57700838, -0.49584287],
       [-0.53145861, -0.54846776, -0.58331133, -0.52278858],
       [-0.57015141, -0.58354794, -0.5962896 , -0.55723939],
       [-0.60040563, -0.60827502, -0.61253545, -0.60108001],
       [-0.61831641, -0.62357374, -0.62295585, -0.6126944 ],
       [-0.63424651, -0.62960051, -0.63017324, -0.62341319],
       [-0.63755386, -0.6320869 , -0.63316485, -0.6266598 ],
       [-0.63600877, -0.63383754, -0.63660108, -0.62616661],
       [-0.63131962, -0.63367701, -0.63819496, -0.62544148],
       [-0.63318717, -0.62936234, -0.64096571, -0.61927997],
       [-0.62019022, -0.61668737, -0.63792135, -0.6076479 ],
       [-0.58401724, -0.56490124, -0.638456  , -0.56966886],
       [-0.55708221, -0.54198717, -0.63881057, -0.54262483],
       [-0.54683066, -0.53684946, -0.63168707, -0.53644588],
       [-0.54887397, -0.54245535, -0.62757018, -0.53826224],
       [-0.5523884 , -0.54723745, -0.61188391, -0.54176567],
       [-0.55531874, -0.55123977, -0.59699277, -0.54377752],
       [-0.56264897, -0.56219426, -0.5899787 , -0.54734682],
       [-0.56702042, -0.56754961, -0.58229358, -0.5521622 ],
       [-0.57327155, -0.57415215, -0.57986298, -0.55932069],
       [-0.5724868 , -0.57488513, -0.57462342, -0.55867491],
       [-0.57705766, -0.57987394, -0.57329816, -0.56595795],
       [-0.57785706, -0.57995999, -0.57301959, -0.569162  ],
       [-0.57667163, -0.57884392, -0.58465014, -0.57050356],
       [-0.57259175, -0.57583904, -0.59398338, -0.56785519],
       [-0.56944315, -0.57599778, -0.60115472, -0.56282166],
       [-0.57145704, -0.5787479 , -0.60427529, -0.56447317],
       [-0.5689872 , -0.58043508, -0.61799335, -0.55465978],
       [-0.57326941, -0.58335481, -0.6249926 , -0.555487  ],
       [-0.57670415, -0.58380833, -0.62339256, -0.55992182],
       [-0.57805301, -0.5807984 , -0.6214215 , -0.56827632],
       [-0.58009453, -0.58222415, -0.61623635, -0.57207948],
       [-0.61565709, -0.62680725, -0.62251764, -0.5972255 ],
       [-0.61674327, -0.62621079, -0.61521969, -0.60097098],
       [-0.61600775, -0.62464773, -0.61611841, -0.61073876],
       [-0.6113845 , -0.62410008, -0.62099845, -0.61643734],
       [-0.60799985, -0.61752325, -0.62775818, -0.60074977],
       [-0.60295651, -0.6170376 , -0.63310687, -0.60374771],
       [-0.61702241, -0.62581043, -0.65199655, -0.62504841],
       [-0.62279836, -0.62964491, -0.66193299, -0.6248794 ],
       [-0.62775856, -0.63131061, -0.66094328, -0.62626637],
       [-0.62437974, -0.62780975, -0.64094754, -0.62485289],
       [-0.62926459, -0.63257146, -0.63038644, -0.62938191],
       [-0.6337703 , -0.63596881, -0.62664703, -0.63266973],
       [-0.63513213, -0.63753089, -0.62848109, -0.63470259],
       [-0.63653458, -0.63902793, -0.62768105, -0.63540962],
       [-0.63638295, -0.63758211, -0.62696323, -0.63512434],
       [-0.63788521, -0.63683246, -0.62935976, -0.63241807],
       [-0.63539403, -0.63343548, -0.63110564, -0.62788711],
       [-0.63291684, -0.62965111, -0.6312897 , -0.62249064],
       [-0.62654487, -0.62355292, -0.63156979, -0.61823889],
       [-0.62319162, -0.62303998, -0.63155285, -0.61820999],
       [-0.614263  , -0.61799911, -0.62557958, -0.61153551],
       [-0.61161423, -0.61471553, -0.62636974, -0.61035702],
       [-0.60581559, -0.6100673 , -0.6201239 , -0.60503064],
       [-0.60442952, -0.61004626, -0.61999568, -0.60319924],
       [-0.6069916 , -0.61420514, -0.61422524, -0.59712585],
       [-0.60704269, -0.61176358, -0.61387314, -0.59539651],
       [-0.60226618, -0.60628633, -0.60609692, -0.59010328],
       [-0.60113978, -0.60370965, -0.59434414, -0.58670832],
       [-0.60117615, -0.60417027, -0.5889953 , -0.58742229],
       [-0.60341107, -0.60415835, -0.59371496, -0.59094644],
       [-0.60977608, -0.60947623, -0.60023481, -0.59940131],
       [-0.61526141, -0.61475403, -0.60562324, -0.60793878],
       [-0.61840629, -0.61629539, -0.60868011, -0.61336152],
       [-0.62293446, -0.61858711, -0.61534703, -0.61719129],
       [-0.62096243, -0.6144156 , -0.61811733, -0.61767306],
       [-0.61893593, -0.61303104, -0.62115058, -0.61856453],
       [-0.62085442, -0.61529604, -0.62286999, -0.61806086],
       [-0.61694687, -0.61206748, -0.60932123, -0.61576966],
       [-0.61016891, -0.60576928, -0.60254138, -0.61419604],
       [-0.60500599, -0.6021662 , -0.60242801, -0.61073691],
       [-0.59669974, -0.59827475, -0.604351  , -0.60216337],
       [-0.59327608, -0.59580219, -0.60675305, -0.59691421],
       [-0.59194229, -0.59532234, -0.60697741, -0.59336861],
       [-0.59330864, -0.59531212, -0.60106722, -0.59472654],
       [-0.5891506 , -0.59265735, -0.60247188, -0.59084419],
       [-0.58490699, -0.58946578, -0.59676587, -0.5870572 ],
       [-0.58228754, -0.59134072, -0.5949588 , -0.58547501],
       [-0.5801385 , -0.59528424, -0.59109884, -0.58226177],
       [-0.5696182 , -0.58690389, -0.5957868 , -0.56673889],
       [-0.56185366, -0.58288708, -0.59671146, -0.55297162],
       [-0.55827328, -0.57715112, -0.58682592, -0.54679133],
       [-0.55414982, -0.56975113, -0.57770954, -0.54484229],
       [-0.55595988, -0.56778399, -0.56770599, -0.54849249],
       [-0.55714872, -0.57051518, -0.56743736, -0.55577675],
       [-0.57220993, -0.58088617, -0.56693123, -0.5763761 ],
       [-0.57111939, -0.58023548, -0.56388435, -0.58173628],
       [-0.56621435, -0.57811211, -0.56370104, -0.58264295],
       [-0.55571841, -0.57070111, -0.55903884, -0.57415696],
       [-0.54962816, -0.56445074, -0.55825448, -0.56928595],
       [-0.55026914, -0.56027984, -0.55817646, -0.5684843 ],
       [-0.53402875, -0.55808513, -0.55815312, -0.56319727],
       [-0.53341178, -0.5570359 , -0.5587855 , -0.56235021],
       [-0.53286601, -0.55845168, -0.55641012, -0.55976046],
       [-0.52880499, -0.55500724, -0.55311221, -0.55688634],
       [-0.5237507 , -0.55114531, -0.5496898 , -0.55429743],
       [-0.51997245, -0.54825377, -0.54659935, -0.55440847],
       [-0.51871724, -0.54619585, -0.54649993, -0.55529449],
       [-0.5175062 , -0.54311927, -0.54676646, -0.55548785],
       [-0.51531682, -0.53896381, -0.54727566, -0.55230691],
       [-0.51265822, -0.53121464, -0.54736101, -0.54418541],
       [-0.51295562, -0.5316439 , -0.54892007, -0.53869096],
       [-0.51704382, -0.53036214, -0.55291556, -0.53684289],
       [-0.52294604, -0.5360145 , -0.56530906, -0.52910717],
       [-0.52398435, -0.53610266, -0.56559262, -0.52305886],
       [-0.52072369, -0.53445483, -0.56409192, -0.51298241],
       [-0.52576329, -0.54052828, -0.56764755, -0.51699506],
       [-0.53231154, -0.54844687, -0.57733449, -0.52710454]])
elec_test_array[:-5]
array([[-0.61179327, -0.61553197, -0.60822222, -0.60961513],
       [-0.61484242, -0.61844342, -0.60026177, -0.61435731],
       [-0.61488098, -0.61812118, -0.59381329, -0.61460963],
       [-0.61252179, -0.61580423, -0.59215446, -0.61654482],
       [-0.60574456, -0.60985172, -0.58878511, -0.61306   ],
       [-0.59920071, -0.60401097, -0.58315071, -0.60766582],
       [-0.59300662, -0.59848009, -0.57858519, -0.603321  ],
       [-0.58786637, -0.59438046, -0.58586898, -0.59765224],
       [-0.58220387, -0.59323086, -0.58888559, -0.59228349],
       [-0.5775655 , -0.59380913, -0.59287099, -0.58320124],
       [-0.57465899, -0.58375983, -0.59263765, -0.57156439],
       [-0.56214552, -0.57005971, -0.59469331, -0.55262732],
       [-0.54508606, -0.55007623, -0.58785937, -0.54311113],
       [-0.54269379, -0.54648582, -0.58528393, -0.53354562],
       [-0.543104  , -0.54605167, -0.58575783, -0.53599279],
       [-0.54330974, -0.54847717, -0.58962238, -0.5431578 ],
       [-0.54295938, -0.55419228, -0.59415   , -0.54172404],
       [-0.53618805, -0.55282982, -0.59740058, -0.53705569],
       [-0.53073398, -0.54603257, -0.59901459, -0.52615635],
       [-0.52543277, -0.54088718, -0.60105094, -0.51870609],
       [-0.52305487, -0.53747849, -0.60269922, -0.50853768],
       [-0.51739856, -0.53514465, -0.60145079, -0.50200131],
       [-0.51924921, -0.53425961, -0.60113708, -0.50130304],
       [-0.50845989, -0.53088889, -0.59167959, -0.49168335],
       [-0.50517818, -0.52771873, -0.58404555, -0.4877798 ],
       [-0.5043311 , -0.52498822, -0.57917243, -0.48664547],
       [-0.50949357, -0.53627975, -0.57672309, -0.49578494],
       [-0.53318524, -0.54706619, -0.58309339, -0.52496818],
       [-0.56859578, -0.58330192, -0.59633062, -0.55544505],
       [-0.60012324, -0.6072015 , -0.61293979, -0.59959706],
       [-0.61561235, -0.62175187, -0.62321667, -0.61173931],
       [-0.63485304, -0.62882043, -0.63031274, -0.62028066],
       [-0.63830947, -0.63118726, -0.63316485, -0.62388385],
       [-0.63598396, -0.63239894, -0.63660108, -0.62312696],
       [-0.62933972, -0.63160024, -0.63827669, -0.6235261 ],
       [-0.63117253, -0.62737018, -0.64111486, -0.61785376],
       [-0.61965452, -0.61647766, -0.63860939, -0.60700596],
       [-0.58299755, -0.56576901, -0.63954455, -0.56932896],
       [-0.55906677, -0.54231647, -0.64059709, -0.54294279],
       [-0.54990242, -0.53774644, -0.63196489, -0.53767716],
       [-0.5496507 , -0.54506137, -0.62812452, -0.53858228],
       [-0.55112703, -0.54804073, -0.61000242, -0.54467786],
       [-0.55382751, -0.55002215, -0.59665171, -0.54637138],
       [-0.56255504, -0.56199991, -0.58992029, -0.54743083],
       [-0.56585875, -0.56630269, -0.58227565, -0.5506241 ],
       [-0.57059377, -0.57129173, -0.58090968, -0.55856725],
       [-0.56997388, -0.57288503, -0.57453145, -0.55799643],
       [-0.57644379, -0.57865657, -0.57283436, -0.56512993],
       [-0.57667405, -0.57887028, -0.57258169, -0.56742881],
       [-0.5755672 , -0.57777078, -0.58447625, -0.56839393],
       [-0.57009553, -0.57461216, -0.5939285 , -0.56641369],
       [-0.56750341, -0.57586881, -0.60127103, -0.56260541],
       [-0.5691859 , -0.57792695, -0.60451113, -0.56379715],
       [-0.56718325, -0.58002045, -0.61813323, -0.55363232],
       [-0.57059941, -0.5823815 , -0.62502403, -0.55448225],
       [-0.57381949, -0.58325413, -0.62351514, -0.55915875],
       [-0.57603998, -0.57960799, -0.62160624, -0.56742609],
       [-0.5796463 , -0.58220577, -0.61648217, -0.5701448 ],
       [-0.61492946, -0.6276548 , -0.62258658, -0.59675612],
       [-0.61725028, -0.62679412, -0.61525051, -0.60051789],
       [-0.61640495, -0.6253329 , -0.61616283, -0.60901108],
       [-0.60977295, -0.62500703, -0.62112712, -0.6158195 ],
       [-0.60668726, -0.61755968, -0.62810305, -0.60026627],
       [-0.60207546, -0.61706809, -0.63464707, -0.60281962],
       [-0.6176668 , -0.62659878, -0.6536992 , -0.62553153],
       [-0.62334181, -0.63041397, -0.66318701, -0.62527212],
       [-0.62807305, -0.63200999, -0.66280353, -0.62655379],
       [-0.62475499, -0.62856324, -0.64231092, -0.62525218],
       [-0.62949501, -0.63298834, -0.63067114, -0.6297465 ],
       [-0.6339027 , -0.63623682, -0.62672326, -0.63303276],
       [-0.63530193, -0.63779507, -0.62849322, -0.63518187],
       [-0.63675394, -0.63931025, -0.62768343, -0.63599739],
       [-0.6366947 , -0.63809413, -0.62702124, -0.63590467],
       [-0.63821315, -0.6375589 , -0.62952283, -0.63353452],
       [-0.63580236, -0.63428325, -0.6312593 , -0.62920136],
       [-0.63316678, -0.63017234, -0.63135842, -0.62350304],
       [-0.6268482 , -0.62409324, -0.63157537, -0.61889346],
       [-0.6234862 , -0.62343726, -0.63156083, -0.61895961],
       [-0.61486625, -0.61856325, -0.62572916, -0.61056116],
       [-0.61190187, -0.61515263, -0.62665663, -0.6103431 ],
       [-0.6055544 , -0.61018013, -0.6204137 , -0.60439051],
       [-0.60360476, -0.60864142, -0.62004497, -0.60229834],
       [-0.60569528, -0.61201929, -0.61465433, -0.5970767 ],
       [-0.6058703 , -0.61007228, -0.61401678, -0.59401424],
       [-0.60203752, -0.60624369, -0.60489659, -0.58932974],
       [-0.60008421, -0.60212567, -0.59424516, -0.58378737],
       [-0.59987296, -0.60250497, -0.58814426, -0.58450242],
       [-0.60323989, -0.603345  , -0.59369749, -0.59004312],
       [-0.60836931, -0.60815185, -0.60022937, -0.59809146],
       [-0.61328501, -0.61260571, -0.60566316, -0.60676075],
       [-0.61854725, -0.61595635, -0.60882324, -0.61127005],
       [-0.6238209 , -0.6194327 , -0.61554277, -0.61637293],
       [-0.62161983, -0.61491408, -0.61821905, -0.61780444],
       [-0.61939281, -0.61328701, -0.62115744, -0.6194234 ],
       [-0.62150604, -0.61557645, -0.62289818, -0.61812188],
       [-0.61765792, -0.61231485, -0.6097611 , -0.61476714],
       [-0.61051046, -0.60577049, -0.60321994, -0.61377662],
       [-0.60482574, -0.60216159, -0.60323659, -0.61013147],
       [-0.59666972, -0.59825306, -0.60553433, -0.60178844],
       [-0.59321496, -0.59576643, -0.608108  , -0.59682691],
       [-0.59186223, -0.59528221, -0.60813261, -0.59333364],
       [-0.59324734, -0.59526876, -0.60257214, -0.59472591],
       [-0.58904441, -0.59258664, -0.60400811, -0.59081154],
       [-0.58473174, -0.58935355, -0.5986091 , -0.58696502],
       [-0.58205645, -0.59125544, -0.59683636, -0.5853544 ],
       [-0.58072682, -0.59526289, -0.59177043, -0.58212839],
       [-0.56791327, -0.58666029, -0.5957982 , -0.56528772],
       [-0.56158847, -0.58139349, -0.59668692, -0.55172953],
       [-0.55763392, -0.57371854, -0.58682285, -0.54645177],
       [-0.55255985, -0.56873806, -0.57732915, -0.5458726 ],
       [-0.55457529, -0.56752659, -0.56649625, -0.54827075],
       [-0.55624172, -0.56909422, -0.5671785 , -0.5541607 ],
       [-0.56975094, -0.58040587, -0.57007175, -0.5740501 ],
       [-0.56917076, -0.57897403, -0.56550699, -0.58049111],
       [-0.56495556, -0.57735147, -0.5658219 , -0.58165542],
       [-0.55558418, -0.57054619, -0.56163897, -0.57280569],
       [-0.54952858, -0.56365527, -0.55845341, -0.56746375],
       [-0.55026148, -0.55989079, -0.55807644, -0.56791806],
       [-0.53383748, -0.55803783, -0.55983636, -0.56294078],
       [-0.53295334, -0.55695981, -0.55866715, -0.56229254],
       [-0.53222654, -0.55840392, -0.5581025 , -0.55968208],
       [-0.52794799, -0.55486066, -0.55678091, -0.55681049],
       [-0.52233146, -0.5510224 , -0.5528576 , -0.55418076],
       [-0.5199636 , -0.54816616, -0.54654606, -0.55419886],
       [-0.51867896, -0.5460773 , -0.54723588, -0.55524105],
       [-0.51741962, -0.5430539 , -0.54676429, -0.55571804],
       [-0.51501215, -0.53880926, -0.54786182, -0.55205392],
       [-0.51215055, -0.53018697, -0.54723916, -0.54414471],
       [-0.51258059, -0.53071133, -0.54878264, -0.5383295 ],
       [-0.51703605, -0.53014855, -0.55278806, -0.53655055],
       [-0.52446557, -0.53533883, -0.56928883, -0.52958115],
       [-0.52501654, -0.53626368, -0.56633841, -0.52454852],
       [-0.52308472, -0.53609343, -0.56411441, -0.51302679],
       [-0.52717429, -0.54047096, -0.56748952, -0.51740385],
       [-0.53544526, -0.54719719, -0.57732004, -0.52896461]])