       [-0.51703605, -0.53014855, -0.55278806, -0.53655055],
       [-0.52446557, -0.53533883, -0.56928883, -0.52958115],
       [-0.52501654, -0.53626368, -0.56633841, -0.52454852],
       [-0.52308472, -0.53609343, -0.56411441, -0.51302679],
       [-0.52717429, -0.54047096, -0.56748952, -0.51740385],
       [-0.53544526, -0.54719719, -0.57732004, -0.52896461]

       [-0.52294604, -0.5360145 , -0.56530906, -0.52910717],
       [-0.52398435, -0.53610266, -0.56559262, -0.52305886],
       [-0.52072369, -0.53445483, -0.56409192, -0.51298241],
       [-0.52576329, -0.54052828, -0.56764755, -0.51699506],
       [-0.53231154, -0.54844687, -0.57733449, -0.52710454]